###########################################################################################################
# Material from Barraquand F.∗ , Pinot A.∗ , Yoccoz N.G. & Bretagnolle V. 
# Overcompensation and phase effects in a cyclic common vole population: between first and second order cycles
# Journal of Animal Ecology 2014. DOI: 10.1111/1365-2656.12257
############################################################################################################
"Sect"	"Date"	"Rta"	"Rtw"	"Rts"	"RtsAP"	"NtSp_moins1"	"NtSu_moins1"	"NtSp"	"NtSu"	"NtSp_plus1"	"NtSu_plus1"	"Ntfa"	"NtWi"	"Spr_NDVI"	"Win_NDVI"
"1"	"B"	1995	NA	0.212300504446715	NA	2.13647809871082	1.84246038647488	0.348274752230119	NA	1.84246038647488	2.27823802788442	19.2956647847926	NA	NA	517.875006666667	589.10626
"2"	"B"	1996	NA	-5.27241587197702	2.13647809871082	0.500973327322979	0.348274752230119	1.84246038647488	2.27823802788442	19.2956647847926	0.099009900990099	0.163398692810458	NA	NA	517.931246666667	620.66876
"3"	"B"	1997	NA	2.13014257025356	0.500973327322979	-0.142034965703274	2.27823802788442	19.2956647847926	0.099009900990099	0.163398692810458	1.3751742821341	1.19308872063677	NA	NA	528.95834	620.1875
"4"	"B"	1998	NA	0.963412219911142	-0.142034965703274	1.4859913300374	0.099009900990099	0.163398692810458	1.3751742821341	1.19308872063677	3.12663619303107	13.8176817462177	NA	NA	512.654166666667	610.89374
"5"	"B"	1999	NA	-3.325385146664	1.4859913300374	1.31666241600308	1.3751742821341	1.19308872063677	3.12663619303107	13.8176817462177	0.496865412831799	1.85377912791279	NA	NA	519.57708	623.15624
"6"	"B"	2000	NA	-2.14726997044128	1.31666241600308	-Inf	3.12663619303107	13.8176817462177	0.496865412831799	1.85377912791279	0.216526217228464	0	NA	NA	531.691673333333	626.58126
"7"	"B"	2001	NA	Inf	-Inf	0.658075671788675	0.496865412831799	1.85377912791279	0.216526217228464	0	2.93173823669943	5.6613997865952	NA	NA	536.979173333333	611.5125
"8"	"B"	2002	NA	-3.13976816217385	0.658075671788675	0.422028839139163	0.216526217228464	0	2.93173823669943	5.6613997865952	0.245098039215686	0.373787378737874	NA	NA	528.683333333333	628.75624
"9"	"B"	2003	NA	0.859157499696292	0.422028839139163	0.0115819642736124	2.93173823669943	5.6613997865952	0.245098039215686	0.373787378737874	0.882575757575758	0.892857142857143	NA	NA	523.227073333333	586.64374
"10"	"B"	2004	NA	0.120494144884142	0.0115819642736124	1.59640184622464	0.245098039215686	0.373787378737874	0.882575757575758	0.892857142857143	1.00719119290961	4.97073295853718	NA	NA	531.1875	620.84376
"11"	"B"	2005	NA	-3.39532677502983	1.59640184622464	1.07046427086894	0.882575757575758	0.892857142857143	1.00719119290961	4.97073295853718	0.166666666666667	0.486122223333444	NA	NA	512.5125	616.26874
"12"	"B"	2006	NA	0.838152736494555	1.07046427086894	1.44866725146924	1.00719119290961	4.97073295853718	0.166666666666667	0.486122223333444	1.12395929694727	4.78518549268362	NA	NA	531.12372	605.03126
"13"	"B"	2007	NA	-1.71336599079514	1.44866725146924	0.294284003582137	0.166666666666667	0.486122223333444	1.12395929694727	4.78518549268362	0.862568078850974	1.15770871075527	NA	NA	520.48214	607.11484
"14"	"B"	2008	NA	-1.61062370216864	0.294284003582137	-Inf	1.12395929694727	4.78518549268362	0.862568078850974	1.15770871075527	0.231267345050879	0	NA	NA	531.869733333333	627.11342
"15"	"B"	2009	NA	Inf	-Inf	NA	0.862568078850974	1.15770871075527	0.231267345050879	0	1.04714912280702	NA	NA	NA	505.93074	598.35988
"16"	"B"	2010	NA	NA	NA	NA	NA	NA	NA	NA	NA	NA	NA	NA	504.1329	535.643
"17"	"B"	2011	NA	NA	NA	NA	NA	NA	NA	NA	NA	NA	NA	NA	NA	NA
"18"	"C"	1995	NA	NA	NA	2.26583431303157	NA	NA	NA	NA	2.69521843825249	25.9796507277568	NA	NA	517.875006666667	589.10626
"19"	"C"	1996	NA	-Inf	2.26583431303157	NA	NA	NA	2.69521843825249	25.9796507277568	0	0	NA	NA	517.931246666667	620.66876
"20"	"C"	1997	NA	Inf	NA	-0.349497486375319	2.69521843825249	25.9796507277568	0	0	2.50010004001601	1.76267626762676	NA	NA	528.95834	620.1875
"21"	"C"	1998	NA	1.41952978371307	-0.349497486375319	1.18768412793369	0	0	2.50010004001601	1.76267626762676	7.28897581526654	23.9040325907591	NA	NA	512.654166666667	610.89374
"22"	"C"	1999	NA	-3.24627101771127	1.18768412793369	0.448136920758313	2.50010004001601	1.76267626762676	7.28897581526654	23.9040325907591	0.930322624099145	1.45632053818648	NA	NA	519.57708	623.15624
"23"	"C"	2000	NA	-0.163819360270801	0.448136920758313	-2.46338551373412	7.28897581526654	23.9040325907591	0.930322624099145	1.45632053818648	1.23626373626374	0.105263157894737	NA	NA	531.691673333333	626.58126
"24"	"C"	2001	NA	2.13943478391095	-2.46338551373412	2.06684385032889	0.930322624099145	1.45632053818648	1.23626373626374	0.105263157894737	0.894172101830423	7.06382603229325	NA	NA	536.979173333333	611.5125
"25"	"C"	2002	NA	-1.44560849141865	2.06684385032889	-0.280130376286454	1.23626373626374	0.105263157894737	0.894172101830423	7.06382603229325	1.66425627875448	1.25765385816932	NA	NA	528.683333333333	628.75624
"26"	"C"	2003	NA	0.119058726339973	-0.280130376286454	1.5518695177899	0.894172101830423	7.06382603229325	1.66425627875448	1.25765385816932	1.41666666666667	6.6870726813062	NA	NA	523.227073333333	586.64374
"27"	"C"	2004	NA	-1.09906949808249	1.5518695177899	2.08499080291591	1.66425627875448	1.25765385816932	1.41666666666667	6.6870726813062	2.22800532918317	17.9232278501323	NA	NA	531.1875	620.84376
"28"	"C"	2005	NA	-3.36895809876089	2.08499080291591	0.496259552409124	1.41666666666667	6.6870726813062	2.22800532918317	17.9232278501323	0.617015840572305	1.01348913901706	NA	NA	512.5125	616.26874
"29"	"C"	2006	NA	1.30438748515504	0.496259552409124	1.31930364672633	2.22800532918317	17.9232278501323	0.617015840572305	1.01348913901706	3.73514431239389	13.9724858914071	NA	NA	531.12372	605.03126
"30"	"C"	2007	NA	-1.99753999739727	1.31930364672633	-Inf	0.617015840572305	1.01348913901706	3.73514431239389	13.9724858914071	1.89562785398534	0	NA	NA	520.48214	607.11484
"31"	"C"	2008	NA	Inf	-Inf	-Inf	3.73514431239389	13.9724858914071	1.89562785398534	0	0.0637755102040816	0	NA	NA	531.869733333333	627.11342
"32"	"C"	2009	NA	NA	-Inf	NA	1.89562785398534	0	0.0637755102040816	0	0	NA	NA	NA	505.93074	598.35988
"33"	"C"	2010	NA	NA	NA	NA	NA	NA	NA	NA	NA	NA	NA	NA	504.1329	535.643
"34"	"C"	2011	NA	NA	NA	NA	NA	NA	NA	NA	NA	NA	NA	NA	NA	NA
"35"	"F"	1995	NA	-1.30068661754928	NA	2.50621669465699	5.69971583239257	1.14940741524546	NA	5.69971583239257	1.55228758169935	19.0286625316578	NA	NA	517.875006666667	589.10626
"36"	"F"	1996	NA	-Inf	2.50621669465699	Inf	1.14940741524546	5.69971583239257	1.55228758169935	19.0286625316578	0	0.122549019607843	NA	NA	517.931246666667	620.66876
"37"	"F"	1997	NA	1.38629436111989	Inf	1.68524817666891	1.55228758169935	19.0286625316578	0	0.122549019607843	0.490196078431373	2.64401440144014	NA	NA	528.95834	620.1875
"38"	"F"	1998	NA	0.776863570019063	1.68524817666891	1.01458891750076	0	0.122549019607843	0.490196078431373	2.64401440144014	5.74978198726299	15.8592171717172	NA	NA	512.654166666667	610.89374
"39"	"F"	1999	NA	-2.67883302424843	1.01458891750076	0.423728964421123	0.490196078431373	2.64401440144014	5.74978198726299	15.8592171717172	1.08862761276128	1.66303924110074	NA	NA	519.57708	623.15624
"40"	"F"	2000	NA	-2.2170246567943	0.423728964421123	0.598715735434309	5.74978198726299	15.8592171717172	1.08862761276128	1.66303924110074	0.181159420289855	0.32967032967033	NA	NA	531.691673333333	626.58126
"41"	"F"	2001	NA	2.096604313741	0.598715735434309	-0.241327110135626	1.08862761276128	1.66303924110074	0.181159420289855	0.32967032967033	2.68301775465784	2.10773746088508	NA	NA	536.979173333333	611.5125
"42"	"F"	2002	NA	-1.05987252621583	-0.241327110135626	-Inf	0.181159420289855	0.32967032967033	2.68301775465784	2.10773746088508	0.730330982094411	0	NA	NA	528.683333333333	628.75624
"43"	"F"	2003	NA	NA	-Inf	Inf	2.68301775465784	2.10773746088508	0.730330982094411	0	0	3.19255071499834	NA	NA	523.227073333333	586.64374
"44"	"F"	2004	NA	-0.101898646919018	Inf	1.16750472769953	0.730330982094411	0	0	3.19255071499834	2.88325985330594	9.26669023386332	NA	NA	531.1875	620.84376
"45"	"F"	2005	NA	-2.65688976954757	1.16750472769953	0.499527142536262	0	3.19255071499834	2.88325985330594	9.26669023386332	0.650207657328685	1.07150440634398	NA	NA	512.5125	616.26874
"46"	"F"	2006	NA	0.515016823217186	0.499527142536262	1.93313723626215	2.88325985330594	9.26669023386332	0.650207657328685	1.07150440634398	1.79334119881768	12.3940647362126	NA	NA	531.12372	605.03126
"47"	"F"	2007	NA	-2.0116528720715	1.93313723626215	-2.58977112725591	0.650207657328685	1.07150440634398	1.79334119881768	12.3940647362126	1.65792170931664	0.124405822935235	NA	NA	520.48214	607.11484
"48"	"F"	2008	NA	-0.338824954458438	-2.58977112725591	1.77015555079529	1.79334119881768	12.3940647362126	1.65792170931664	0.124405822935235	0.0886524822695035	0.520546688680976	NA	NA	531.869733333333	627.11342
"49"	"F"	2009	NA	-Inf	1.77015555079529	NA	1.65792170931664	0.124405822935235	0.0886524822695035	0.520546688680976	0	NA	NA	NA	505.93074	598.35988
"50"	"F"	2010	NA	NA	NA	NA	NA	NA	NA	NA	NA	NA	NA	NA	504.1329	535.643
"51"	"F"	2011	NA	NA	NA	NA	NA	NA	NA	NA	NA	NA	NA	NA	NA	NA
"52"	"M"	1995	NA	0.913336273303481	NA	1.53451204542767	2.73493867243867	0.697607260726073	NA	2.73493867243867	6.81717583523058	31.6252967724808	NA	NA	517.875006666667	589.10626
"53"	"M"	1996	NA	-4.86005431952979	1.53451204542767	1.27256559579155	0.697607260726073	2.73493867243867	6.81717583523058	31.6252967724808	0.245098039215686	0.875	NA	NA	517.931246666667	620.66876
"54"	"M"	1997	NA	0.738802564960211	1.27256559579155	-0.203111852362023	6.81717583523058	31.6252967724808	0.245098039215686	0.875	1.83174886116063	1.4950495049505	NA	NA	528.95834	620.1875
"55"	"M"	1998	NA	2.55909195391373	-0.203111852362023	0.253443547162943	0.245098039215686	0.875	1.83174886116063	1.4950495049505	19.3221339172286	24.8956931102528	NA	NA	512.654166666667	610.89374
"56"	"M"	1999	NA	-2.13964756729743	0.253443547162943	-0.131198350464511	1.83174886116063	1.4950495049505	19.3221339172286	24.8956931102528	2.9301313569655	2.56985352543409	NA	NA	519.57708	623.15624
"57"	"M"	2000	NA	-0.567609182481995	-0.131198350464511	-0.581442740898921	19.3221339172286	24.8956931102528	2.9301313569655	2.56985352543409	1.45679631630396	0.81448194342545	NA	NA	531.691673333333	626.58126
"58"	"M"	2001	NA	0.443880128674766	-0.581442740898921	2.9259969883566	2.9301313569655	2.56985352543409	1.45679631630396	0.81448194342545	1.26956853760977	23.6810250565231	NA	NA	536.979173333333	611.5125
"59"	"M"	2002	NA	-3.06790037885725	2.9259969883566	1.31678598003413	1.45679631630396	0.81448194342545	1.26956853760977	23.6810250565231	1.10161107074928	4.11056175047338	NA	NA	528.683333333333	628.75624
"60"	"M"	2003	NA	-1.36182309218373	1.31678598003413	-0.213067886834112	1.26956853760977	23.6810250565231	1.10161107074928	4.11056175047338	1.05309832612792	0.851010101010101	NA	NA	523.227073333333	586.64374
"61"	"M"	2004	NA	0.682907868157496	-0.213067886834112	1.90374999311854	1.10161107074928	4.11056175047338	1.05309832612792	0.851010101010101	1.6846816046006	11.3059211083733	NA	NA	531.1875	620.84376
"62"	"M"	2005	NA	-3.82157127234698	1.90374999311854	2.07420944867975	1.05309832612792	0.851010101010101	1.6846816046006	11.3059211083733	0.247524752475248	1.96986449615532	NA	NA	512.5125	616.26874
"63"	"M"	2006	NA	-0.37332472181152	2.07420944867975	1.53202152589976	1.6846816046006	11.3059211083733	0.247524752475248	1.96986449615532	1.35613675322651	6.27555269984056	NA	NA	531.12372	605.03126
"64"	"M"	2007	NA	-0.449428901301079	1.53202152589976	-0.843284081189757	0.247524752475248	1.96986449615532	1.35613675322651	6.27555269984056	4.00375495485436	1.72279604463883	NA	NA	520.48214	607.11484
"65"	"M"	2008	NA	-1.22462899009891	-0.843284081189757	-0.312135536410139	1.35613675322651	6.27555269984056	4.00375495485436	1.72279604463883	0.506272401433692	0.370531822144725	NA	NA	531.869733333333	627.11342
"66"	"M"	2009	NA	NA	-0.312135536410139	NA	4.00375495485436	1.72279604463883	0.506272401433692	0.370531822144725	NA	NA	NA	NA	505.93074	598.35988
"67"	"M"	2010	NA	NA	NA	NA	NA	NA	NA	NA	NA	NA	NA	NA	504.1329	535.643
"68"	"M"	2011	NA	NA	NA	NA	NA	NA	NA	NA	NA	NA	NA	NA	NA	NA
"69"	"P"	1995	NA	1.10789655389639	NA	1.26636127847403	1.20986488086254	0.221351199969621	NA	1.20986488086254	3.66344967830116	12.9976232917409	NA	NA	517.875006666667	589.10626
"70"	"P"	1996	NA	-Inf	1.26636127847403	Inf	0.221351199969621	1.20986488086254	3.66344967830116	12.9976232917409	0	0.255102040816327	NA	NA	517.931246666667	620.66876
"71"	"P"	1997	NA	1.36242206279483	Inf	0.78690981509452	3.66344967830116	12.9976232917409	0	0.255102040816327	0.996337133713371	2.18855218855219	NA	NA	528.95834	620.1875
"72"	"P"	1998	NA	0.761353510801543	0.78690981509452	0.713298591948198	0	0.255102040816327	0.996337133713371	2.18855218855219	4.68606745453199	9.56291241737216	NA	NA	512.654166666667	610.89374
"73"	"P"	1999	NA	-2.72579794841945	0.713298591948198	-0.481631003748116	0.996337133713371	2.18855218855219	4.68606745453199	9.56291241737216	0.626312631263126	0.386920270974466	NA	NA	519.57708	623.15624
"74"	"P"	2000	NA	1.20032525668869	-0.481631003748116	-0.257160978820108	4.68606745453199	9.56291241737216	0.626312631263126	0.386920270974466	1.28503843879361	0.993647912885662	NA	NA	531.691673333333	626.58126
"75"	"P"	2001	NA	0.00129996757514904	-0.257160978820108	2.77435412287697	0.626312631263126	0.386920270974466	1.28503843879361	0.993647912885662	0.994940462908062	15.9471757245337	NA	NA	536.979173333333	611.5125
"76"	"P"	2002	NA	-2.53609296602365	2.77435412287697	-2.31263031864605	1.28503843879361	0.993647912885662	0.994940462908062	15.9471757245337	1.26261981036813	0.125	NA	NA	528.683333333333	628.75624
"77"	"P"	2003	NA	0.470003629245735	-2.31263031864605	0.798507696217772	0.994940462908062	15.9471757245337	1.26261981036813	0.125	0.2	0.444444444444444	NA	NA	523.227073333333	586.64374
"78"	"P"	2004	NA	1.76721307868224	0.798507696217772	-0.457491078263642	1.26261981036813	0.125	0.2	0.444444444444444	2.60200645914932	1.64673046251994	NA	NA	531.1875	620.84376
"79"	"P"	2005	NA	-1.57205996605244	-0.457491078263642	1.15497318828132	0.2	0.444444444444444	2.60200645914932	1.64673046251994	0.341889333052809	1.08513565457057	NA	NA	512.5125	616.26874
"80"	"P"	2006	NA	1.28883194529067	1.15497318828132	-0.149360329975428	2.60200645914932	1.64673046251994	0.341889333052809	1.08513565457057	3.93746435621847	3.39117551796464	NA	NA	531.12372	605.03126
"81"	"P"	2007	NA	-0.505349456500329	-0.149360329975428	-0.646436385083534	0.341889333052809	1.08513565457057	3.93746435621847	3.39117551796464	2.0458782619501	1.071854986984	NA	NA	520.48214	607.11484
"82"	"P"	2008	NA	-1.20378440187286	-0.646436385083534	-0.696586560671009	3.93746435621847	3.39117551796464	2.0458782619501	1.071854986984	0.321617083835129	0.16025641025641	NA	NA	531.869733333333	627.11342
"83"	"P"	2009	NA	0.620449977509241	-0.696586560671009	NA	2.0458782619501	1.071854986984	0.321617083835129	0.16025641025641	0.298039215686275	NA	NA	NA	505.93074	598.35988
"84"	"P"	2010	NA	NA	NA	NA	NA	NA	NA	NA	NA	NA	NA	NA	504.1329	535.643
"85"	"P"	2011	NA	NA	NA	NA	NA	NA	NA	NA	NA	NA	NA	NA	NA	NA
"86"	"R"	1995	NA	NA	NA	0.636610268035486	NA	NA	NA	NA	6.04773371494813	11.4305989422472	NA	NA	517.875006666667	589.10626
"87"	"R"	1996	NA	-Inf	0.636610268035486	Inf	NA	NA	6.04773371494813	11.4305989422472	0	0.328415194460623	NA	NA	517.931246666667	620.66876
"88"	"R"	1997	NA	-0.658080127586829	Inf	3.20277686158644	6.04773371494813	11.4305989422472	0	0.328415194460623	0.170068027210884	4.18380073301448	NA	NA	528.95834	620.1875
"89"	"R"	1998	NA	0.609505083431633	3.20277686158644	0.647073088008668	0	0.328415194460623	0.170068027210884	4.18380073301448	7.69618832145495	14.6992764445811	NA	NA	512.654166666667	610.89374
"90"	"R"	1999	NA	-2.06180741423591	0.647073088008668	1.17289155959646	0.170068027210884	4.18380073301448	7.69618832145495	14.6992764445811	1.87009803921569	6.04289025466172	NA	NA	519.57708	623.15624
"91"	"R"	2000	NA	-0.849608270769807	1.17289155959646	-1.43335114138476	7.69618832145495	14.6992764445811	1.87009803921569	6.04289025466172	2.58383349185352	0.616265750286369	NA	NA	531.691673333333	626.58126
"92"	"R"	2001	NA	1.76090423240812	-1.43335114138476	1.02636754891781	1.87009803921569	6.04289025466172	2.58383349185352	0.616265750286369	3.58524652267889	10.0060987855441	NA	NA	536.979173333333	611.5125
"93"	"R"	2002	NA	-2.9858090735365	1.02636754891781	0.446225509824158	2.58383349185352	0.616265750286369	3.58524652267889	10.0060987855441	0.505294279427943	0.789473684210526	NA	NA	528.683333333333	628.75624
"94"	"R"	2003	NA	-Inf	0.446225509824158	Inf	3.58524652267889	10.0060987855441	0.505294279427943	0.789473684210526	0	5.4296455424275	NA	NA	523.227073333333	586.64374
"95"	"R"	2004	NA	-0.288465272041373	Inf	0.53206226142088	0.505294279427943	0.789473684210526	0	5.4296455424275	4.06904603333175	6.92730496453901	NA	NA	531.1875	620.84376
"96"	"R"	2005	NA	-0.545004915175808	0.53206226142088	-0.650004119425975	0	5.4296455424275	4.06904603333175	6.92730496453901	4.01672112143827	2.09690365981642	NA	NA	512.5125	616.26874
"97"	"R"	2006	NA	-0.580663784764748	-0.650004119425975	1.4301554450759	4.06904603333175	6.92730496453901	4.01672112143827	2.09690365981642	1.17327387411829	4.90352075859999	NA	NA	531.12372	605.03126
"98"	"R"	2007	NA	-0.953355652380095	1.4301554450759	-2.68558015108141	4.01672112143827	2.09690365981642	1.17327387411829	4.90352075859999	1.89003966738611	0.128865979381443	NA	NA	520.48214	607.11484
"99"	"R"	2008	NA	1.98100146886658	-2.68558015108141	-1.05678005492549	1.17327387411829	4.90352075859999	1.89003966738611	0.128865979381443	0.934278350515464	0.324730094466937	NA	NA	531.869733333333	627.11342
"100"	"R"	2009	NA	1.36216839883567	-1.05678005492549	NA	1.89003966738611	0.128865979381443	0.934278350515464	0.324730094466937	1.26795767812075	NA	NA	NA	505.93074	598.35988
"101"	"R"	2010	NA	NA	NA	NA	NA	NA	NA	NA	NA	NA	NA	NA	504.1329	535.643
"102"	"R"	2011	NA	NA	NA	NA	NA	NA	NA	NA	NA	NA	NA	NA	NA	NA
"103"	"S"	1995	NA	2.70888145314829	NA	-0.000559823410439808	0.976512882380675	1.87007121322161	NA	0.976512882380675	14.6598742227164	14.6516695787226	NA	NA	517.875006666667	589.10626
"104"	"S"	1996	NA	-2.65462424937572	-0.000559823410439808	-2.08916887837414	1.87007121322161	0.976512882380675	14.6598742227164	14.6516695787226	1.03038245000971	0.127551020408163	NA	NA	517.931246666667	620.66876
"105"	"S"	1997	NA	2.61604957137013	-2.08916887837414	0.665313166575829	14.6598742227164	14.6516695787226	1.03038245000971	0.127551020408163	1.74509803921569	3.39438943894389	NA	NA	528.95834	620.1875
"106"	"S"	1998	NA	0.937738167052627	0.665313166575829	0.697523887221789	1.03038245000971	0.127551020408163	1.74509803921569	3.39438943894389	8.66994173644169	17.4159413765506	NA	NA	512.654166666667	610.89374
"107"	"S"	1999	NA	-3.50971114389775	0.697523887221789	0.445972027977706	1.74509803921569	3.39438943894389	8.66994173644169	17.4159413765506	0.520833333333333	0.813545715315829	NA	NA	519.57708	623.15624
"108"	"S"	2000	NA	-0.790941994836741	0.445972027977706	1.57762001671652	8.66994173644169	17.4159413765506	0.520833333333333	0.813545715315829	0.368875845765061	1.78661874426975	NA	NA	531.691673333333	626.58126
"109"	"S"	2001	NA	0.698731206399094	1.57762001671652	1.42675059144875	0.520833333333333	0.813545715315829	0.368875845765061	1.78661874426975	3.59324635201835	14.9663846312544	NA	NA	536.979173333333	611.5125
"110"	"S"	2002	NA	-2.94028034455743	1.42675059144875	0.754321659237926	0.368875845765061	1.78661874426975	3.59324635201835	14.9663846312544	0.790987050109257	1.68177196114553	NA	NA	528.683333333333	628.75624
"111"	"S"	2003	NA	0.0275709817802757	0.754321659237926	0.187520039003291	3.59324635201835	14.9663846312544	0.790987050109257	1.68177196114553	1.72878518755962	2.08535477599786	NA	NA	523.227073333333	586.64374
"112"	"S"	2004	NA	-1.70857966480558	0.187520039003291	1.78505633156846	0.790987050109257	1.68177196114553	1.72878518755962	2.08535477599786	0.377705431964792	2.25109252243137	NA	NA	531.1875	620.84376
"113"	"S"	2005	NA	-1.49997881053089	1.78505633156846	2.13610076738762	1.72878518755962	2.08535477599786	0.377705431964792	2.25109252243137	0.502297278338945	4.25263002413756	NA	NA	512.5125	616.26874
"114"	"S"	2006	NA	-3.12468803040355	2.13610076738762	3.01316287167296	0.377705431964792	2.25109252243137	0.502297278338945	4.25263002413756	0.186905822935235	3.8038452462925	NA	NA	531.12372	605.03126
"115"	"S"	2007	NA	-0.254685324677356	3.01316287167296	-1.05175631940734	0.502297278338945	4.25263002413756	0.186905822935235	3.8038452462925	2.94859013962621	1.03001237623762	NA	NA	520.48214	607.11484
"116"	"S"	2008	NA	-0.959106776558215	-1.05175631940734	-0.939184551740008	0.186905822935235	3.8038452462925	2.94859013962621	1.03001237623762	0.394736842105263	0.154320987654321	NA	NA	531.869733333333	627.11342
"117"	"S"	2009	NA	2.19602227383127	-0.939184551740008	NA	2.94859013962621	1.03001237623762	0.394736842105263	0.154320987654321	1.38722002635046	NA	NA	NA	505.93074	598.35988
"118"	"S"	2010	NA	NA	NA	NA	NA	NA	NA	NA	NA	NA	NA	NA	504.1329	535.643
"119"	"S"	2011	NA	NA	NA	NA	NA	NA	NA	NA	NA	NA	NA	NA	NA	NA
"120"	"U"	1995	NA	NA	NA	NA	NA	NA	NA	NA	NA	NA	NA	NA	517.875006666667	589.10626
"121"	"U"	1996	NA	NA	NA	NA	NA	NA	NA	NA	NA	NA	NA	NA	517.931246666667	620.66876
"122"	"U"	1997	NA	NA	NA	NA	NA	NA	NA	NA	NA	NA	NA	NA	528.95834	620.1875
"123"	"U"	1998	NA	NA	NA	NA	NA	NA	NA	NA	NA	NA	NA	NA	512.654166666667	610.89374
"124"	"U"	1999	NA	NA	NA	NA	NA	NA	NA	NA	NA	NA	NA	NA	519.57708	623.15624
"125"	"U"	2000	NA	NA	NA	NA	NA	NA	NA	NA	NA	NA	NA	NA	531.691673333333	626.58126
"126"	"U"	2001	NA	NA	NA	NA	NA	NA	NA	NA	NA	NA	NA	NA	536.979173333333	611.5125
"127"	"U"	2002	NA	NA	NA	NA	NA	NA	NA	NA	NA	NA	NA	NA	528.683333333333	628.75624
"128"	"U"	2003	NA	NA	NA	NA	NA	NA	NA	NA	NA	NA	NA	NA	523.227073333333	586.64374
"129"	"U"	2004	NA	NA	NA	NA	NA	NA	NA	NA	NA	NA	NA	NA	531.1875	620.84376
"130"	"U"	2005	NA	NA	NA	1.56227946545081	NA	NA	NA	NA	0.255102040816327	1.21675540471452	NA	NA	512.5125	616.26874
"131"	"U"	2006	NA	0.419368839071086	1.56227946545081	0.508275711626918	NA	NA	0.255102040816327	1.21675540471452	1.85068649885584	3.07662237067655	NA	NA	531.12372	605.03126
"132"	"U"	2007	NA	-Inf	0.508275711626918	Inf	0.255102040816327	1.21675540471452	1.85068649885584	3.07662237067655	0	1.67139175257732	NA	NA	520.48214	607.11484
"133"	"U"	2008	NA	-Inf	Inf	NA	1.85068649885584	3.07662237067655	0	1.67139175257732	0	0	NA	NA	531.869733333333	627.11342
"134"	"U"	2009	NA	NA	NA	NA	0	1.67139175257732	0	0	NA	NA	NA	NA	505.93074	598.35988
"135"	"U"	2010	NA	NA	NA	NA	NA	NA	NA	NA	NA	NA	NA	NA	504.1329	535.643
"136"	"U"	2011	NA	NA	NA	NA	NA	NA	NA	NA	NA	NA	NA	NA	NA	NA
"137"	"V"	1995	NA	1.12710674283989	NA	0.523063614514488	6.91074712379555	1.63720286814903	NA	6.91074712379555	21.3314923929368	35.990251546163	NA	NA	517.875006666667	589.10626
"138"	"V"	1996	NA	-Inf	0.523063614514488	NA	1.63720286814903	6.91074712379555	21.3314923929368	35.990251546163	0	0	NA	NA	517.931246666667	620.66876
"139"	"V"	1997	NA	Inf	NA	1.79485450905987	21.3314923929368	35.990251546163	0	0	0.864160097028502	5.20103310141261	NA	NA	528.95834	620.1875
"140"	"V"	1998	NA	-0.867156701301634	1.79485450905987	2.03644738856881	0	0	0.864160097028502	5.20103310141261	2.18518518518519	16.7458081369517	NA	NA	512.654166666667	610.89374
"141"	"V"	1999	NA	-2.33131815144297	2.03644738856881	0.852996245962444	0.864160097028502	5.20103310141261	2.18518518518519	16.7458081369517	1.62714966939157	3.81837928248744	NA	NA	519.57708	623.15624
"142"	"V"	2000	NA	-2.060594655064	0.852996245962444	0.886668363055802	2.18518518518519	16.7458081369517	1.62714966939157	3.81837928248744	0.486378284794795	1.18045477760882	NA	NA	531.691673333333	626.58126
"143"	"V"	2001	NA	0.824871181455744	0.886668363055802	1.46972494082215	1.62714966939157	3.81837928248744	0.486378284794795	1.18045477760882	2.69331008073516	11.7106172931082	NA	NA	536.979173333333	611.5125
"144"	"V"	2002	NA	-1.75603272874553	1.46972494082215	-0.173673125442318	0.486378284794795	1.18045477760882	2.69331008073516	11.7106172931082	2.02276049973418	1.7002750584656	NA	NA	528.683333333333	628.75624
"145"	"V"	2003	NA	-0.286065578913534	-0.173673125442318	1.05692763827379	2.69331008073516	11.7106172931082	2.02276049973418	1.7002750584656	1.27726932357101	3.67536370984037	NA	NA	523.227073333333	586.64374
"146"	"V"	2004	NA	-1.89011557230611	1.05692763827379	2.3322392578233	2.02276049973418	1.7002750584656	1.27726932357101	3.67536370984037	0.555179676673703	5.71889601245867	NA	NA	531.1875	620.84376
"147"	"V"	2005	NA	-1.19293368929983	2.3322392578233	-0.238202871666275	1.27726932357101	3.67536370984037	0.555179676673703	5.71889601245867	1.73471319220758	1.36702824694234	NA	NA	512.5125	616.26874
"148"	"V"	2006	NA	-0.269140837309636	-0.238202871666275	1.27631758984303	0.555179676673703	5.71889601245867	1.73471319220758	1.36702824694234	1.04445830612473	3.74273255197061	NA	NA	531.12372	605.03126
"149"	"V"	2007	NA	-1.21486481066522	1.27631758984303	0.349742911024674	1.73471319220758	1.36702824694234	1.04445830612473	3.74273255197061	1.1106563677407	1.57569126416984	NA	NA	520.48214	607.11484
"150"	"V"	2008	NA	-2.91939801634618	0.349742911024674	0.571591978982138	1.04445830612473	3.74273255197061	1.1106563677407	1.57569126416984	0.0850340136054422	0.150602409638554	NA	NA	531.869733333333	627.11342
"151"	"V"	2009	NA	0.0815498669641077	0.571591978982138	2.51029639057009	1.1106563677407	1.57569126416984	0.0850340136054422	0.150602409638554	0.163398692810458	2.0112055010257	NA	NA	505.93074	598.35988
"152"	"V"	2010	NA	NA	NA	NA	NA	NA	NA	NA	NA	NA	NA	NA	504.1329	535.643
"153"	"V"	2011	NA	NA	NA	NA	NA	NA	NA	NA	NA	NA	NA	NA	NA	NA
